0.000000	0.999934	-0.012566
0.012566	0.999711	-0.025131
0.025133	0.999329	-0.037691
0.037699	0.998790	-0.050247
0.050265	0.998092	-0.062794
0.062832	0.997238	-0.075332
0.075398	0.996225	-0.087859
0.087965	0.995056	-0.100372
0.100531	0.993729	-0.112869
0.113097	0.992245	-0.125349
0.125664	0.990605	-0.137809
0.138230	0.988808	-0.150248
0.150796	0.986855	-0.162664
0.163363	0.984746	-0.175054
0.175929	0.982481	-0.187417
0.188496	0.980062	-0.199751
0.201062	0.977487	-0.212053
0.213628	0.974758	-0.224322
0.226195	0.971875	-0.236557
0.238761	0.968839	-0.248754
0.251327	0.965649	-0.260912
0.263894	0.962307	-0.273029
0.276460	0.958812	-0.285104
0.289027	0.955167	-0.297134
0.301593	0.951370	-0.309117
0.314159	0.947423	-0.321051
0.326726	0.943326	-0.332936
0.339292	0.939081	-0.344768
0.351858	0.934686	-0.356546
0.364425	0.930145	-0.368268
0.376991	0.925456	-0.379932
0.389557	0.920620	-0.391536
0.402124	0.915640	-0.403079
0.414690	0.910514	-0.414558
0.427257	0.905245	-0.425973
0.439823	0.899833	-0.437320
0.452389	0.894278	-0.448599
0.464956	0.888582	-0.459807
0.477522	0.882746	-0.470943
0.490088	0.876770	-0.482004
0.502655	0.870655	-0.492990
0.515221	0.864403	-0.503899
0.527788	0.858014	-0.514728
0.540354	0.851489	-0.525476
0.552920	0.844830	-0.536141
0.565487	0.838037	-0.546722
0.578053	0.831112	-0.557217
0.590619	0.824055	-0.567624
0.603186	0.816868	-0.577942
0.615752	0.809552	-0.588169
0.628319	0.802108	-0.598303
0.640885	0.794536	-0.608343
0.653451	0.786840	-0.618287
0.666018	0.779018	-0.628134
0.678584	0.771074	-0.637882
0.691150	0.763008	-0.647529
0.703717	0.754820	-0.657075
0.716283	0.746514	-0.666517
0.728849	0.738089	-0.675854
0.741416	0.729548	-0.685084
0.753982	0.720891	-0.694207
0.766549	0.712120	-0.703220
0.779115	0.703236	-0.712122
0.791681	0.694242	-0.720912
0.804248	0.685137	-0.729589
0.816814	0.675924	-0.738150
0.829380	0.666603	-0.746595
0.841947	0.657178	-0.754923
0.854513	0.647648	-0.763131
0.867080	0.638016	-0.771220
0.879646	0.628283	-0.779186
0.892212	0.618450	-0.787030
0.904779	0.608519	-0.794750
0.917345	0.598492	-0.802344
0.929911	0.588371	-0.809812
0.942478	0.578156	-0.817152
0.955044	0.567849	-0.824364
0.967611	0.557453	-0.831445
0.980177	0.546968	-0.838396
0.992743	0.536397	-0.845214
1.005310	0.525740	-0.851898
1.017876	0.515001	-0.858449
1.030442	0.504179	-0.864864
1.043009	0.493278	-0.871143
1.055575	0.482299	-0.877284
1.068142	0.471243	-0.883287
1.080708	0.460113	-0.889150
1.093274	0.448909	-0.894874
1.105841	0.437635	-0.900456
1.118407	0.426291	-0.905896
1.130973	0.414879	-0.911193
1.143540	0.403401	-0.916347
1.156106	0.391860	-0.921356
1.168672	0.380256	-0.926219
1.181239	0.368592	-0.930937
1.193805	0.356870	-0.935507
1.206372	0.345091	-0.939930
1.218938	0.333257	-0.944205
1.231504	0.321370	-0.948330
1.244071	0.309432	-0.952306
1.256637	0.297445	-0.956132
1.269203	0.285410	-0.959807
1.281770	0.273330	-0.963330
1.294336	0.261207	-0.966701
1.306903	0.249042	-0.969920
1.319469	0.236838	-0.972986
1.332035	0.224595	-0.975898
1.344602	0.212317	-0.978656
1.357168	0.200005	-0.981260
1.369734	0.187662	-0.983708
1.382301	0.175288	-0.986002
1.394867	0.162886	-0.988140
1.407434	0.150458	-0.990122
1.420000	0.138006	-0.991947
1.432566	0.125532	-0.993616
1.445133	0.113038	-0.995128
1.457699	0.100526	-0.996483
1.470265	0.087997	-0.997681
1.482832	0.075455	-0.998721
1.495398	0.062900	-0.999603
1.507964	0.050334	-1.000328
1.520531	0.037761	-1.000895
1.533097	0.025181	-1.001303
1.545664	0.012597	-1.001554
1.558230	0.000010	-1.001646
1.570796	-0.012576	-1.001580
1.583363	-0.025162	-1.001356
1.595929	-0.037743	-1.000974
1.608495	-0.050319	-1.000434
1.621062	-0.062887	-0.999736
1.633628	-0.075446	-0.998880
1.646195	-0.087993	-0.997866
1.658761	-0.100527	-0.996695
1.671327	-0.113045	-0.995366
1.683894	-0.125545	-0.993880
1.696460	-0.138026	-0.992237
1.709026	-0.150485	-0.990437
1.721593	-0.162921	-0.988481
1.734159	-0.175332	-0.986369
1.746726	-0.187715	-0.984101
1.759292	-0.200069	-0.981677
1.771858	-0.212392	-0.979098
1.784425	-0.224682	-0.976365
1.796991	-0.236936	-0.973477
1.809557	-0.249153	-0.970436
1.822124	-0.261331	-0.967241
1.834690	-0.273469	-0.963894
1.847256	-0.285563	-0.960394
1.859823	-0.297613	-0.956742
1.872389	-0.309616	-0.952939
1.884956	-0.321570	-0.948986
1.897522	-0.333474	-0.944883
1.910088	-0.345326	-0.940630
1.922655	-0.357123	-0.936229
1.935221	-0.368864	-0.931680
1.947787	-0.380548	-0.926983
1.960354	-0.392171	-0.922140
1.972920	-0.403733	-0.917151
1.985487	-0.415231	-0.912018
1.998053	-0.426665	-0.906740
2.010619	-0.438031	-0.901319
2.023186	-0.449328	-0.895755
2.035752	-0.460555	-0.890050
2.048318	-0.471709	-0.884204
2.060885	-0.482789	-0.878218
2.073451	-0.493793	-0.872093
2.086018	-0.504719	-0.865831
2.098584	-0.515566	-0.859432
2.111150	-0.526332	-0.852896
2.123717	-0.537015	-0.846226
2.136283	-0.547613	-0.839422
2.148849	-0.558126	-0.832486
2.161416	-0.568550	-0.825418
2.173982	-0.578885	-0.818219
2.186548	-0.589129	-0.810891
2.199115	-0.599280	-0.803434
2.211681	-0.609336	-0.795851
2.224248	-0.619297	-0.788141
2.236814	-0.629160	-0.780307
2.249380	-0.638924	-0.772350
2.261947	-0.648587	-0.764270
2.274513	-0.658149	-0.756070
2.287079	-0.667606	-0.747750
2.299646	-0.676959	-0.739311
2.312212	-0.686204	-0.730756
2.324779	-0.695342	-0.722085
2.337345	-0.704370	-0.713300
2.349911	-0.713287	-0.704401
2.362478	-0.722092	-0.695392
2.375044	-0.730783	-0.686272
2.387610	-0.739358	-0.677044
2.400177	-0.747818	-0.667709
2.412743	-0.756159	-0.658267
2.425310	-0.764381	-0.648722
2.437876	-0.772483	-0.639074
2.450442	-0.780462	-0.629325
2.463009	-0.788319	-0.619476
2.475575	-0.796052	-0.609529
2.488141	-0.803659	-0.599486
2.500708	-0.811139	-0.589348
2.513274	-0.818492	-0.579116
2.525840	-0.825715	-0.568793
2.538407	-0.832808	-0.558379
2.550973	-0.839770	-0.547877
2.563540	-0.846600	-0.537289
2.576106	-0.853295	-0.526615
2.588672	-0.859857	-0.515857
2.601239	-0.866283	-0.505018
2.613805	-0.872572	-0.494099
2.626371	-0.878723	-0.483102
2.638938	-0.884736	-0.472028
2.651504	-0.890609	-0.460879
2.664071	-0.896342	-0.449658
2.676637	-0.901934	-0.438364
2.689203	-0.907383	-0.427002
2.701770	-0.912689	-0.415571
2.714336	-0.917851	-0.404075
2.726902	-0.922868	-0.392515
2.739469	-0.927740	-0.380892
2.752035	-0.932465	-0.369209
2.764602	-0.937043	-0.357467
2.777168	-0.941474	-0.345668
2.789734	-0.945756	-0.333815
2.802301	-0.949888	-0.321909
2.814867	-0.953871	-0.309951
2.827433	-0.957703	-0.297944
2.840000	-0.961384	-0.285890
2.852566	-0.964913	-0.273790
2.865133	-0.968290	-0.261647
2.877699	-0.971514	-0.249462
2.890265	-0.974585	-0.237238
2.902832	-0.977502	-0.224975
2.915398	-0.980265	-0.212677
2.927964	-0.982873	-0.200345
2.940531	-0.985326	-0.187981
2.953097	-0.987623	-0.175587
2.965663	-0.989765	-0.163165
2.978230	-0.991750	-0.150716
2.990796	-0.993579	-0.138244
3.003363	-0.995250	-0.125749
3.015929	-0.996765	-0.113235
3.028495	-0.998122	-0.100702
3.041062	-0.999322	-0.088153
3.053628	-1.000364	-0.075589
3.066194	-1.001248	-0.063014
3.078761	-1.001974	-0.050428
3.091327	-1.002542	-0.037833
3.103894	-1.002951	-0.025233
3.116460	-1.003202	-0.012628
3.129026	-1.003295	-0.000021
3.141593	-1.003229	0.012587
3.154159	-1.003005	0.025193
3.166725	-1.002623	0.037795
3.179292	-1.002082	0.050391
3.191858	-1.001383	0.062980
3.204425	-1.000525	0.075560
3.216991	-0.999510	0.088128
3.229557	-0.998337	0.100682
3.242124	-0.997006	0.113220
3.254690	-0.995518	0.125741
3.267256	-0.993872	0.138243
3.279823	-0.992069	0.150723
3.292389	-0.990110	0.163179
3.304955	-0.987994	0.175611
3.317522	-0.985723	0.188014
3.330088	-0.983295	0.200389
3.342655	-0.980712	0.212732
3.355221	-0.977975	0.225041
3.367787	-0.975082	0.237316
3.380354	-0.972036	0.249553
3.392920	-0.968836	0.261752
3.405486	-0.965483	0.273909
3.418053	-0.961978	0.286023
3.430619	-0.958320	0.298093
3.443186	-0.954511	0.310116
3.455752	-0.950552	0.322090
3.468318	-0.946442	0.334013
3.480885	-0.942182	0.345884
3.493451	-0.937774	0.357701
3.506017	-0.933217	0.369462
3.518584	-0.928513	0.381164
3.531150	-0.923662	0.392807
3.543717	-0.918665	0.404388
3.556283	-0.913523	0.415906
3.568849	-0.908237	0.427358
3.581416	-0.902807	0.438743
3.593982	-0.897234	0.450058
3.606548	-0.891520	0.461304
3.619115	-0.885664	0.472476
3.631681	-0.879669	0.483575
3.644247	-0.873534	0.494597
3.656814	-0.867262	0.505541
3.669380	-0.860852	0.516406
3.681947	-0.854306	0.527190
3.694513	-0.847625	0.537890
3.707079	-0.840810	0.548506
3.719646	-0.833862	0.559036
3.732212	-0.826782	0.569477
3.744778	-0.819572	0.579829
3.757345	-0.812232	0.590090
3.769911	-0.804763	0.600258
3.782478	-0.797167	0.610331
3.795044	-0.789445	0.620308
3.807610	-0.781598	0.630188
3.820177	-0.773628	0.639968
3.832743	-0.765535	0.649647
3.845309	-0.757321	0.659224
3.857876	-0.748988	0.668698
3.870442	-0.740535	0.678065
3.883009	-0.731966	0.687326
3.895575	-0.723281	0.696479
3.908141	-0.714481	0.705522
3.920708	-0.705568	0.714454
3.933274	-0.696544	0.723273
3.945840	-0.687410	0.731979
3.958407	-0.678166	0.740569
3.970973	-0.668815	0.749042
3.983539	-0.659359	0.757397
3.996106	-0.649798	0.765633
4.008672	-0.640134	0.773748
4.021239	-0.630369	0.781741
4.033805	-0.620504	0.789611
4.046371	-0.610541	0.797356
4.058938	-0.600481	0.804976
4.071504	-0.590326	0.812468
4.084070	-0.580078	0.819833
4.096637	-0.569737	0.827068
4.109203	-0.559307	0.834173
4.121770	-0.548788	0.841147
4.134336	-0.538182	0.847988
4.146902	-0.527490	0.854695
4.159469	-0.516716	0.861267
4.172035	-0.505859	0.867703
4.184601	-0.494922	0.874003
4.197168	-0.483906	0.880165
4.209734	-0.472814	0.886188
4.222301	-0.461647	0.892071
4.234867	-0.450407	0.897813
4.247433	-0.439095	0.903414
4.260000	-0.427714	0.908872
4.272566	-0.416265	0.914187
4.285132	-0.404750	0.919358
4.297699	-0.393170	0.924384
4.310265	-0.381529	0.929263
4.322831	-0.369826	0.933997
4.335398	-0.358065	0.938582
4.347964	-0.346247	0.943020
4.360531	-0.334374	0.947309
4.373097	-0.322448	0.951448
4.385663	-0.310471	0.955438
4.398230	-0.298445	0.959276
4.410796	-0.286371	0.962964
4.423362	-0.274251	0.966499
4.435929	-0.262088	0.969881
4.448495	-0.249883	0.973111
4.461062	-0.237638	0.976187
4.473628	-0.225356	0.979109
4.486194	-0.213037	0.981876
4.498761	-0.200685	0.984489
4.511327	-0.188300	0.986946
4.523893	-0.175886	0.989247
4.536460	-0.163443	0.991392
4.549026	-0.150975	0.993381
4.561593	-0.138482	0.995213
4.574159	-0.125967	0.996887
4.586725	-0.113431	0.998405
4.599292	-0.100878	0.999764
4.611858	-0.088308	1.000966
4.624424	-0.075724	1.002010
4.636991	-0.063128	1.002896
4.649557	-0.050521	1.003623
4.662123	-0.037906	1.004192
4.674690	-0.025285	1.004602
4.687256	-0.012659	1.004854
4.699823	-0.000031	1.004947
4.712389	0.012597	1.004881
4.724955	0.025224	1.004657
4.737522	0.037847	1.004274
4.750088	0.050464	1.003732
4.762654	0.063074	1.003032
4.775221	0.075674	1.002173
4.787787	0.088262	1.001156
4.800354	0.100837	0.999981
4.812920	0.113396	0.998648
4.825486	0.125938	0.997158
4.838053	0.138460	0.995510
4.850619	0.150961	0.993704
4.863185	0.163438	0.991742
4.875752	0.175889	0.989623
4.888318	0.188314	0.987347
4.900885	0.200708	0.984916
4.913451	0.213072	0.982329
4.926017	0.225402	0.979587
4.938584	0.237697	0.976690
4.951150	0.249954	0.973639
4.963716	0.262173	0.970434
4.976283	0.274350	0.967076
4.988849	0.286484	0.963564
5.001416	0.298574	0.959901
5.013982	0.310616	0.956086
5.026548	0.322610	0.952120
5.039115	0.334553	0.948003
5.051681	0.346444	0.943737
5.064247	0.358280	0.939321
5.076814	0.370060	0.934757
5.089380	0.381782	0.930045
5.101946	0.393444	0.925187
5.114513	0.405044	0.920182
5.127079	0.416581	0.915031
5.139646	0.428052	0.909736
5.152212	0.439455	0.904298
5.164778	0.450790	0.898716
5.177345	0.462054	0.892992
5.189911	0.473245	0.887127
5.202477	0.484361	0.881122
5.215044	0.495402	0.874977
5.227610	0.506364	0.868694
5.240177	0.517247	0.862274
5.252743	0.528049	0.855718
5.265309	0.538767	0.849026
5.277876	0.549400	0.842200
5.290442	0.559947	0.835241
5.303008	0.570406	0.828149
5.315575	0.580775	0.820927
5.328141	0.591053	0.813575
5.340708	0.601238	0.806094
5.353274	0.611328	0.798486
5.365840	0.621321	0.790751
5.378407	0.631217	0.782892
5.390973	0.641013	0.774908
5.403539	0.650709	0.766802
5.416106	0.660302	0.758575
5.428672	0.669791	0.750227
5.441238	0.679174	0.741761
5.453805	0.688450	0.733178
5.466371	0.697618	0.724479
5.478938	0.706676	0.715665
5.491504	0.715623	0.706737
5.504070	0.724457	0.697698
5.516637	0.733176	0.688549
5.529203	0.741781	0.679290
5.541769	0.750268	0.669924
5.554336	0.758637	0.660452
5.566902	0.766886	0.650876
5.579469	0.775015	0.641196
5.592035	0.783021	0.631415
5.604601	0.790904	0.621534
5.617168	0.798662	0.611554
5.629734	0.806295	0.601478
5.642300	0.813800	0.591306
5.654867	0.821177	0.581041
5.667433	0.828424	0.570684
5.680000	0.835541	0.560236
5.692566	0.842526	0.549700
5.705132	0.849378	0.539077
5.717699	0.856096	0.528368
5.730265	0.862679	0.517575
5.742831	0.869127	0.506700
5.755398	0.875437	0.495746
5.767964	0.881609	0.484712
5.780530	0.887642	0.473602
5.793097	0.893535	0.462416
5.805663	0.899287	0.451158
5.818230	0.904897	0.439828
5.830796	0.910364	0.428428
5.843362	0.915688	0.416960
5.855929	0.920867	0.405426
5.868495	0.925901	0.393827
5.881061	0.930789	0.382166
5.893628	0.935530	0.370445
5.906194	0.940124	0.358664
5.918761	0.944569	0.346827
5.931327	0.948865	0.334935
5.943893	0.953011	0.322989
5.956460	0.957007	0.310992
5.969026	0.960852	0.298946
5.981592	0.964546	0.286852
5.994159	0.968087	0.274712
6.006725	0.971475	0.262529
6.019292	0.974710	0.250304
6.031858	0.977792	0.238040
6.044424	0.980719	0.225737
6.056991	0.983491	0.213398
6.069557	0.986108	0.201025
6.082123	0.988569	0.188621
6.094690	0.990874	0.176186
6.107256	0.993023	0.163723
6.119822	0.995015	0.151234
6.132389	0.996850	0.138720
6.144955	0.998527	0.126184
6.157522	1.000047	0.113629
6.170088	1.001409	0.101054
6.182654	1.002613	0.088464
6.195221	1.003659	0.075859
6.207787	1.004546	0.063242
6.220353	1.005275	0.050615
6.232920	1.005845	0.037979
6.245486	1.006256	0.025337
6.258053	1.006508	0.012690
6.270619	1.006601	0.000042
