0.005582062556522282
0.005644431970561636
0.0008419870895312938
0.0061122025758567995
0.0065799731811519635
0.0031496554089874324
0.0028689930458103345
0.0007484329684722612
0.0024635918545545263
0.007203667321545514
0.005083107244207441
0.0018710824211806531
0.006392864939033897
0.0001871082421180653
0.005644431970561636
0.005114291951227118
0.000280662363177098
0.0025883306826332366
0.0007172482614525836
0.001933451835220008
0.00776499204789971
0.004428228396794212
0.007078928493466804
0.0037109801353416285
0.00003118470701967755
0.006081017868837122
0.005769170798640347
0.0021205600773380735
0.003991642498518726
0.005145476658246796
0.006954189665388094
0.006455234353073253
0.006486419060092931
0.005831540212679702
0.006735896716250351
0.0023076683194561388
0.0061122025758567995
0.0005925094333738734
0.0003430317772164531
0.006642342595191318
0.007141297907506159
0.002900177752830012
0.0030249165809087225
0.005176661365266473
0.006611157888171641
0.0015280506439641999
0.00021829294913774285
0.0064240496460535755
0.0037109801353416285
0.0053637696073845385
0.004895999002089375
0.002432407147534849
0.0032743942370661427
0.000623694140393551
0.006205756696915832
0.0017463435931019428
0.0055196931424829265
0.005239030779305829
0.002432407147534849
0.0030872859949480774
0.005114291951227118
0.000966725917610004
0.007546699098761967
0.005270215486325506
0.0021829294913774284
0.006860635544329061
0.004490597810833568
0.005239030779305829
0.00636168023201422
0.005051922537187763
0.00009355412105903265
0.007234852028565192
0.004864814295069698
0.0013409424018461346
0.0005301400193345184
0.001465681229924845
0.000280662363177098
0.00021829294913774285
0.005083107244207441
0.00015592353509838775
0.006455234353073253
0.006767081423270029
0.0035550566002432405
0.0016527894720429102
0.002276483612436461
0.0003742164842361306
0.004147566033617114
0.007640253219821
0.006923004958368416
0.0070165590794274485
0.007421960270683257
0.005488508435463249
0.0007484329684722612
0.005831540212679702
0.0025259612685938817
0.004646521345931955
0.001933451835220008
0.0008108023825116164
0.005051922537187763
0.0043034895687155015
0.004802444881030343
0.006891820251348739
0.001590420058003555
0.002494776561574204
0.001465681229924845
0.00003118470701967755
0.004677706052951633
0.006081017868837122
0.003118470701967755
0.002900177752830012
0.003991642498518726
0.005488508435463249
0.007796176754919388
0.005176661365266473
0.00015592353509838775
0.0035238718932235633
0.000561324726354196
0.00636168023201422
0.00776499204789971
0.006860635544329061
0.005769170798640347
0.004209935447656469
0.0012162035737674245
0.004802444881030343
0.006704712009230673
0.000280662363177098
0.007203667321545514
0.007453144977702934
0.007266036735584869
0.0047712601740106655
0.006330495524994543
0.003399133065144853
0.0017775283001216203
0.0012785729878067795
0.0002494776561574204
0.00433467427573518
0.0016527894720429102
0.004085196619577759
0.000904356503570649
0.0003118470701967755
0.003648610721302273
0.001933451835220008
0.0007172482614525836
0.0023388530264758164
0.0001247388280787102
0.00009355412105903265
0.006143387282876478
0.0035862413072629182
0.0012785729878067795
0.007546699098761967
0.00586272491969938
0.0007484329684722612
0.006174571989896155
0.005893909626719057
0.005956279040758412
0.0009979106246296816
0.000280662363177098
0.007297221442604546
0.0004365858982754857
0.007266036735584869
0.006299310817974865
0.00636168023201422
0.007702622633860355
0.005769170798640347
0.006985374372407771
0.004397043689774534
0.006829450837309383
0.006611157888171641
0.005550877849502604
0.0014033118158854898
0.001465681229924845
0.002058190663298718
0.007609068512801322
0.0014344965229051672
0.00586272491969938
0.0017463435931019428
0.002775438924751302
0.00293136245984969
0.007390775563663579
0.0002494776561574204
0.007796176754919388
0.004209935447656469
0.00586272491969938
0.007702622633860355
0.006673527302210996
0.00776499204789971
0.0008108023825116164
0.006891820251348739
0.006954189665388094
0.0021829294913774284
0.003399133065144853
0.007671437926840678
0.0015280506439641999
0.00433467427573518
0.0011538341597280694
0.006704712009230673
0.006985374372407771
0.0004054011912558082
0.006891820251348739
0.0033679483581251753
0.0027442542177316246
0.005176661365266473
0.0013097576948264572
0.0032120248230267877
0.005550877849502604
0.0031496554089874324
0.006548788474132285
0.0011850188667477468
0.0010602800386690368
0.0011538341597280694
0.0015592353509838776
0.005706801384600992
0.006735896716250351
0.004895999002089375
0.004054011912558082
0.00433467427573518
0.0008108023825116164
0.0018710824211806531
0.0032120248230267877
0.003804534256400661
0.0030249165809087225
0.001247388280787102
0.005332584900364861
0.0030561012879283997
0.0071724826145258365
0.00636168023201422
0.0028378083387906572
0.0035550566002432405
0.0004365858982754857
0.003679795428321951
0.002900177752830012
0.006735896716250351
0.007421960270683257
0.007141297907506159
0.003399133065144853
0.0074843296847226124
0.00021829294913774285
0.002027005956279041
0.005582062556522282
0.003461502479184208
0.0024635918545545263
0.001122649452708392
0.0003430317772164531
0.006923004958368416
0.005613247263541959
0.0014968659369445224
0.003336763651105498
0.002214114198397106
0.007796176754919388
0.003679795428321951